# personality for 2011 Paper - mode DsK for DATA
{
        'IsToy':                False,
        'DataFileName':         os.environ['B2DXFITTERSROOT']+'/data/workspace/MDFitter/WS_Mass_DsK_5M_BDTGA.root',
        'DataWorkSpaceName':    'FitMeToolWS',
        'DataSetNames':         'combData',
        'Modes': [
            'Bs2DsK',
            'Bs2DsKst',
            'Bs2DsPi', 'Bs2DsstPi', 'Bs2DsRho',
            'Bd2DK', 'Bd2DPi', 'Bd2DsK',
            'Lb2LcK', 'Lb2LcPi', 'Lb2Dsp', 'Lb2Dsstp',
            'CombBkg'
            ],
        'SampleCategories': [
            'nonres', 'phipi', 'kstk', 'kpipi', 'pipipi'
            ],
        'DeltaMs':                      17.768, # in ps^{-1}
        'GammaLb':			0.700, # in ps^{-1}
        'GammaCombBkg':			0.971, # in ps^{-1}
        'WeakPhase': {
            'Bs2DsK':           70. / 180. * pi,
            'Bs2DsstK':         70. / 180. * pi,
            'Bs2DsKst':         70. / 180. * pi,
            'Bs2DsstKst':	70. / 180. * pi,
            'Bd2DPi':           70. / 180. * pi
            },
        'StrongPhase': {
            'Bs2DsK':           30. / 180. * pi,
            'Bs2DsstK':         -150. / 180. * pi,
            'Bs2DsKst':         -150. / 180. * pi,
            'Bs2DsstKst':       30. / 180. * pi,
            'Bd2DPi':           30. / 180. * pi
            },
        'AcceptanceCorrectionFile': None,
        'CombineModesForEffCPObs': [ ],
        'NEvents':			[ 3474. ],
	'DataSetVarNameMapping': {
	    'sample':   'sample',
	    'mass':     'lab0_MassFitConsD_M',
	    'pidk':     'lab1_PIDK',
            'dsmass':   'lab2_MM',
            'time':     'lab0_LifetimeFit_ctau',
            'timeerr':  'lab0_LifetimeFit_ctauErr',
            'mistag':   'tagOmegaComb',
            'qf':       'lab1_ID',
            'qt':       'tagDecComb',
            'weight':   'nSig_both_nonres_Evts_sw+nSig_both_phipi_Evts_sw+nSig_both_kstk_Evts_sw+nSig_both_kpipi_Evts_sw+nSig_both_pipipi_Evts_sw'
            },
        'MassTemplateFile':             os.environ['B2DXFITTERSROOT']+'/data/workspace/MDFitter/WS_Mass_DsK_5M_BDTGA.root',
        'MassTemplateWorkspace':	'FitMeToolWS',
        'MassInterpolation':		False,
        'NTaggers':                     3,
        'TagEff':                    {
            'Bs2DsK': [ 0.3870 * (1. - 0.4772), 0.4772 * (1. - 0.3870), 0.3870 * 0.4772 ],
            'Lb': [ 0.3870, 0.4772 ],
            'Bd': [ 0.3870, 0.4772 ],
            },
        'MistagTemplates': {
            'Bs2DsK': [
                {   'File': os.environ['B2DXFITTERSROOT']+'/data/workspace/MDFitter/template_Data_Mistag_BsDsPi.root',
                    'Workspace': 'workspace',
                    'TemplateName': 'sigMistagPdf_1',
                    'VarName': 'tagOmegaComb', },
                {   'File': os.environ['B2DXFITTERSROOT']+'/data/workspace/MDFitter/template_Data_Mistag_BsDsPi.root',
                    'Workspace': 'workspace',
                    'TemplateName': 'sigMistagPdf_2',
                    'VarName': 'tagOmegaComb', },
                {   'File': os.environ['B2DXFITTERSROOT']+'/data/workspace/MDFitter/template_Data_Mistag_BsDsPi.root',
                    'Workspace': 'workspace',
                    'TemplateName': 'sigMistagPdf_3',
                    'VarName': 'tagOmegaComb', },
                ],
            'Bd2DPi': [
                {   'File': os.environ['B2DXFITTERSROOT']+'/data/workspace/MDFitter/template_Data_Mistag_BDPi.root',
                    'Workspace': 'workspace',
                    'TemplateName': 'sigMistagPdf_1',
                    'VarName': 'tagOmegaComb', },
                {   'File': os.environ['B2DXFITTERSROOT']+'/data/workspace/MDFitter/template_Data_Mistag_BDPi.root',
                    'Workspace': 'workspace',
                    'TemplateName': 'sigMistagPdf_2',
                    'VarName': 'tagOmegaComb', },
                {   'File': os.environ['B2DXFITTERSROOT']+'/data/workspace/MDFitter/template_Data_Mistag_BDPi.root',
                    'Workspace': 'workspace',
                    'TemplateName': 'sigMistagPdf_3',
                    'VarName': 'tagOmegaComb', },
                ],
            'CombBkg': [
                {   'File': os.environ['B2DXFITTERSROOT']+'/data/workspace/MDFitter/template_Data_Mistag_CombBkg.root',
                    'Workspace': 'workspace',
                    'TemplateName': 'sigMistagPdf_1',
                    'VarName': 'tagOmegaComb', },
                {   'File': os.environ['B2DXFITTERSROOT']+'/data/workspace/MDFitter/template_Data_Mistag_CombBkg.root',
                    'Workspace': 'workspace',
                    'TemplateName': 'sigMistagPdf_2',
                    'VarName': 'tagOmegaComb', },
                {   'File': os.environ['B2DXFITTERSROOT']+'/data/workspace/MDFitter/template_Data_Mistag_CombBkg.root',
                    'Workspace': 'workspace',
                    'TemplateName': 'sigMistagPdf_3',
                    'VarName': 'tagOmegaComb', },
                ],
            },
        'MistagCalibrationParams': {
                'Bs2DsK': [
                    [ [ 0.376730, 1.048155, 0.371147 ], [ 0.365517, 0.950216, 0.371147 ] ],
                    [ [ 0.404896, 0.995879, 0.414892 ], [ 0.424801, 1.004340, 0.414892 ] ],
                    [ [ 0.338363, 1.027861, 0.338493 ], [ 0.338781, 0.971845, 0.338493 ] ],
                    ],
                'Bd': [
                    [ [ 0.376730, 1.048155, 0.371147 ], [ 0.365517, 0.950216, 0.371147 ] ],
                    [ [ 0.5, 0., 0. ], [ 0.5, 0., 0. ] ],
                    [ [ 0.338363, 1.027861, 0.338493 ], [ 0.338781, 0.971845, 0.338493 ] ],
                    ],
                },
        'Constraints': {
                'Bd2DPi_lambda': 0.3 * 0.0187,
                'Bd2DPi_avgSSbar': [ '0.5*(@0+@1)', ['Bd2DPi_S', 'Bd2DPi_Sbar'], +0.046, 0.023 ],
                'Bd2DPi_difSSbar': [ '0.5*(@0-@1)', ['Bd2DPi_S', 'Bd2DPi_Sbar'], -0.022, 0.021 ],
                'multivar_Bs2DsKMistagCalib_p0p1': [
                    [   'Bs2DsK_Mistag0CalibB_p0', 'Bs2DsK_Mistag0CalibB_p1',
                        'Bs2DsK_Mistag1CalibB_p0', 'Bs2DsK_Mistag1CalibB_p1',
                        'Bs2DsK_Mistag2CalibB_p0', 'Bs2DsK_Mistag2CalibB_p1',
                        'Bs2DsK_Mistag0CalibBbar_p0', 'Bs2DsK_Mistag0CalibBbar_p1',
                        'Bs2DsK_Mistag1CalibBbar_p0', 'Bs2DsK_Mistag1CalibBbar_p1',
                        'Bs2DsK_Mistag2CalibBbar_p0', 'Bs2DsK_Mistag2CalibBbar_p1', ],
                    [   0.004389, 0.039917, 0.007146, 0.148797, 0.005959, 0.038725,
                        0.004395, 0.040072, 0.011414, 0.150355, 0.006030, 0.039962, ],
                    [   [  1.000000000, -0.111790756,  0.000000000,  0.000000000,  0.495659195, -0.121263673,  0.883403568, -0.090341177,  0.000000000,  0.000000000,  0.436308995, -0.115934567 ],
                        [ -0.111790756,  1.000000000,  0.000000000,  0.000000000, -0.170723691,  0.368653977, -0.090433543,  0.808300854,  0.000000000,  0.000000000, -0.138612127,  0.303210400 ],
                        [  0.000000000,  0.000000000,  1.000000000, -0.122610568,  0.658158523, -0.541239353,  0.000000000,  0.000000000,  0.938782519, -0.120298908,  0.633382320, -0.525375965 ],
                        [  0.000000000,  0.000000000, -0.122610568,  1.000000000, -0.631056425,  0.811985505,  0.000000000,  0.000000000, -0.122445304,  0.986409445, -0.608419498,  0.787887823 ],
                        [  0.495659195, -0.170723691,  0.658158523, -0.631056425,  1.000000000, -0.874463407,  0.436823522, -0.137898963,  0.622128000, -0.622176239,  0.940276558, -0.841479510 ],
                        [ -0.121263673,  0.368653977, -0.541239353,  0.811985505, -0.874463407,  1.000000000, -0.104272659,  0.297793832, -0.514032745,  0.800698231, -0.830102616,  0.950602614 ],
                        [  0.883403568, -0.090433543,  0.000000000,  0.000000000,  0.436823522, -0.104272659,  1.000000000, -0.111883376,  0.000000000,  0.000000000,  0.494752953, -0.134191009 ],
                        [ -0.090341177,  0.808300854,  0.000000000,  0.000000000, -0.137898963,  0.297793832, -0.111883376,  1.000000000,  0.000000000,  0.000000000, -0.170921923,  0.374807565 ],
                        [  0.000000000,  0.000000000,  0.938782519, -0.122445304,  0.622128000, -0.514032745,  0.000000000,  0.000000000,  1.000000000, -0.123454584,  0.672735926, -0.556618676 ],
                        [  0.000000000,  0.000000000, -0.120298908,  0.986409445, -0.622176239,  0.800698231,  0.000000000,  0.000000000, -0.123454584,  1.000000000, -0.616497607,  0.798523473 ],
                        [  0.436308995, -0.138612127,  0.633382320, -0.608419498,  0.940276558, -0.830102616,  0.494752953, -0.170921923,  0.672735926, -0.616497607,  1.000000000, -0.878334170 ],
                        [ -0.115934567,  0.303210400, -0.525375965,  0.787887823, -0.841479510,  0.950602614, -0.134191009,  0.374807565, -0.556618676,  0.798523473, -0.878334170,  1.000000000 ], ],
                    ],
                'multivar_BdMistagCalib_p0p1': [
                    [   'Bd_Mistag0CalibB_p0', 'Bd_Mistag0CalibB_p1',
                        'Bd_Mistag2CalibB_p0', 'Bd_Mistag2CalibB_p1',
                        'Bd_Mistag0CalibBbar_p0', 'Bd_Mistag0CalibBbar_p1',
                        'Bd_Mistag2CalibBbar_p0', 'Bd_Mistag2CalibBbar_p1', ],
                    [   0.004389, 0.039917, 0.005959, 0.038725,
                        0.004395, 0.040072, 0.006030, 0.039962, ],
                    [   [  1.000000000, -0.111790756,  0.495659195, -0.121263673,  0.883403568, -0.090341177,  0.436308995, -0.115934567 ],
                        [ -0.111790756,  1.000000000, -0.170723691,  0.368653977, -0.090433543,  0.808300854, -0.138612127,  0.303210400 ],
                        [  0.495659195, -0.170723691,  1.000000000, -0.874463407,  0.436823522, -0.137898963,  0.940276558, -0.841479510 ],
                        [ -0.121263673,  0.368653977, -0.874463407,  1.000000000, -0.104272659,  0.297793832, -0.830102616,  0.950602614 ],
                        [  0.883403568, -0.090433543,  0.436823522, -0.104272659,  1.000000000, -0.111883376,  0.494752953, -0.134191009 ],
                        [ -0.090341177,  0.808300854, -0.137898963,  0.297793832, -0.111883376,  1.000000000, -0.170921923,  0.374807565 ],
                        [  0.436308995, -0.138612127,  0.940276558, -0.830102616,  0.494752953, -0.170921923,  1.000000000, -0.878334170 ],
                        [ -0.115934567,  0.303210400, -0.841479510,  0.950602614, -0.134191009,  0.374807565, -0.878334170,  1.000000000 ], ],
                    ],
                },
        'Asymmetries': {
                'Prod': {}, 'Det': { }, 'TagEff': {}, 'TagEff_t': {}, 'TagEff_f': {},
                },
        'DecayTimeResolutionModel':	'GaussianWithPEDTE',
        'DecayTimeResolutionScaleFactor': 1.37,
        'DecayTimeErrorTemplates': {
                'Bs2DsK': {
                    'File': os.environ['B2DXFITTERSROOT']+'/data/workspace/MDFitter/template_Data_Terr_BsDsK.root',
                    'Workspace': 'workspace',
                    'TemplateName': 'TimeErrorPdf_Bs2DsK',
                    'VarName': 'lab0_LifetimeFit_ctauErr', },
                'Bs2DsPi': {
                    'File': os.environ['B2DXFITTERSROOT']+'/data/workspace/MDFitter/template_Data_Terr_BsDsK.root',
                    'Workspace': 'workspace',
                    'TemplateName': 'TimeErrorPdf_Bs2DsPi',
                    'VarName': 'lab0_LifetimeFit_ctauErr', },
                'Bs2DsRho': {
                    'File': os.environ['B2DXFITTERSROOT']+'/data/workspace/MDFitter/template_Data_Terr_BsDsK.root',
                    'Workspace': 'workspace',
                    'TemplateName': 'TimeErrorPdf_Bs2DsRho',
                    'VarName': 'lab0_LifetimeFit_ctauErr', },
                'Bs2DsstPi': {
                    'File': os.environ['B2DXFITTERSROOT']+'/data/workspace/MDFitter/template_Data_Terr_BsDsK.root',
                    'Workspace': 'workspace',
                    'TemplateName': 'TimeErrorPdf_Bs2DsstPi',
                    'VarName': 'lab0_LifetimeFit_ctauErr', },
                'Lb2Dsp': {
                    'File': os.environ['B2DXFITTERSROOT']+'/data/workspace/MDFitter/template_Data_Terr_BsDsK.root',
                    'Workspace': 'workspace',
                    'TemplateName': 'TimeErrorPdf_Lb2Dsp',
                    'VarName': 'lab0_LifetimeFit_ctauErr', },
                'Lb2Dsstp': {
                    'File': os.environ['B2DXFITTERSROOT']+'/data/workspace/MDFitter/template_Data_Terr_BsDsK.root',
                    'Workspace': 'workspace',
                    'TemplateName': 'TimeErrorPdf_Lb2Dsstp',
                    'VarName': 'lab0_LifetimeFit_ctauErr', },
                'Lb2LcK': {
                    'File': os.environ['B2DXFITTERSROOT']+'/data/workspace/MDFitter/template_Data_Terr_BsDsK.root',
                    'Workspace': 'workspace',
                    'TemplateName': 'TimeErrorPdf_Lb2LcK',
                    'VarName': 'lab0_LifetimeFit_ctauErr', },
                'Lb2LcPi': {
                    'File': os.environ['B2DXFITTERSROOT']+'/data/workspace/MDFitter/template_Data_Terr_BsDsK.root',
                    'Workspace': 'workspace',
                    'TemplateName': 'TimeErrorPdf_Lb2LcPi',
                    'VarName': 'lab0_LifetimeFit_ctauErr', },
                'Bd2DK': {
                    'File': os.environ['B2DXFITTERSROOT']+'/data/workspace/MDFitter/template_Data_Terr_BsDsK.root',
                    'Workspace': 'workspace',
                    'TemplateName': 'TimeErrorPdf_Bd2DK',
                    'VarName': 'lab0_LifetimeFit_ctauErr', },
                'Bd2DPi': {
                    'File': os.environ['B2DXFITTERSROOT']+'/data/workspace/MDFitter/template_Data_Terr_BsDsK.root',
                    'Workspace': 'workspace',
                    'TemplateName': 'TimeErrorPdf_Bd2DPi',
                    'VarName': 'lab0_LifetimeFit_ctauErr', },
                'CombBkg': {
                    'File': os.environ['B2DXFITTERSROOT']+'/data/workspace/MDFitter/template_Data_Terr_BsDsK.root',
                    'Workspace': 'workspace',
                    'TemplateName': 'TimeErrorPdf_CombBkg',
                    'VarName': 'lab0_LifetimeFit_ctauErr', },
                },
        'KFactorTemplates': {
                'Bs2DsPi': {
                    'File': os.environ['B2DXFITTERSROOT']+'/data/workspace/MDFitter/template_MC_KFactor_BsDsK_5320_5420.root',
                    'Workspace': 'workspace',
                    'TemplateName': 'kFactor_Bs2DsPi_both',
                    'VarName': 'kfactorVar', },
                'Bs2DsstPi': {
                    'File': os.environ['B2DXFITTERSROOT']+'/data/workspace/MDFitter/template_MC_KFactor_BsDsK_5320_5420.root',
                    'Workspace': 'workspace',
                    'TemplateName': 'kFactor_Bs2DsstPi_both',
                    'VarName': 'kfactorVar', },
                'Bs2DsRho': {
                    'File': os.environ['B2DXFITTERSROOT']+'/data/workspace/MDFitter/template_MC_KFactor_BsDsK_5320_5420.root',
                    'Workspace': 'workspace',
                    'TemplateName': 'kFactor_Bs2DsRho_both',
                    'VarName': 'kfactorVar', },
                'Lb2LcK': {
                    'File': os.environ['B2DXFITTERSROOT']+'/data/workspace/MDFitter/template_MC_KFactor_BsDsK_5320_5420.root',
                    'Workspace': 'workspace',
                    'TemplateName': 'kFactor_Lb2LcK_both',
                    'VarName': 'kfactorVar', },
                'Lb2LcPi': {
                    'File': os.environ['B2DXFITTERSROOT']+'/data/workspace/MDFitter/template_MC_KFactor_BsDsK_5320_5420.root',
                    'Workspace': 'workspace',
                    'TemplateName': 'kFactor_Lb2LcPi_both',
                    'VarName': 'kfactorVar', },
                'Lb2Dsp': {
                    'File': os.environ['B2DXFITTERSROOT']+'/data/workspace/MDFitter/template_MC_KFactor_BsDsK_5320_5420.root',
                    'Workspace': 'workspace',
                    'TemplateName': 'kFactor_Lb2Dsp_both',
                    'VarName': 'kfactorVar', },
                'Lb2Dsstp': {
                    'File': os.environ['B2DXFITTERSROOT']+'/data/workspace/MDFitter/template_MC_KFactor_BsDsK_5320_5420.root',
                    'Workspace': 'workspace',
                    'TemplateName': 'kFactor_Lb2Dsstp_both',
                    'VarName': 'kfactorVar', },
                'Bd2DK': {
                    'File': os.environ['B2DXFITTERSROOT']+'/data/workspace/MDFitter/template_MC_KFactor_BsDsK_5320_5420.root',
                    'Workspace': 'workspace',
                    'TemplateName': 'kFactor_Bd2DK_both',
                    'VarName': 'kfactorVar', },
                'Bd2DPi': {
                    'File': os.environ['B2DXFITTERSROOT']+'/data/workspace/MDFitter/template_MC_KFactor_BsDsK_5320_5420.root',
                    'Workspace': 'workspace',
                    'TemplateName': 'kFactor_Bd2DPi_both',
                    'VarName': 'kfactorVar', },
                },
        'AcceptanceFunction': 'Spline',
        'constParams': [
            'Gammas', 'deltaGammas', 'deltaMs',
            'Gammad', 'deltaGammad', 'deltaMd',
            'mistag', 'timeerr_bias', 'timeerr_scalefactor',
            '.+_Mistag[0-9]+Calib(B|Bbar)_p[0-9]+',
            'Bs2DsKst_TagEff[0-9]', 'Bs2DsKst_delta', 'Bs2DsKst_lambda', 'Bs2DsKst_phi_w',
            ],
}
